0.6208E+01   0.2063E+00  -0.5209E+04   0.3245E+05  -0.1443E+04
   0.6164E+01   0.7673E+00  -0.3291E+04   0.3263E+05  -0.5607E+04
   0.6785E+01   0.2255E+00  -0.1234E+04   0.3476E+05  -0.1428E+04
   0.6737E+01   0.8387E+00  -0.2557E+03   0.3333E+05  -0.4717E+04
   0.6099E+01   0.1175E+01  -0.2792E+04   0.3287E+05  -0.6974E+04
   0.5968E+01   0.1722E+01  -0.6033E+03   0.3143E+05  -0.1123E+05
   0.6666E+01   0.1284E+01   0.1966E+03   0.3189E+05  -0.6769E+04
   0.6523E+01   0.1882E+01   0.1807E+04   0.2985E+05  -0.9205E+04
   0.5840E+01   0.2115E+01   0.2685E+03   0.3108E+05  -0.1250E+05
   0.5625E+01   0.2634E+01   0.3805E+04   0.2819E+05  -0.1598E+05
   0.6383E+01   0.2311E+01   0.3055E+04   0.2804E+05  -0.1081E+05
   0.6148E+01   0.2879E+01   0.5089E+04   0.2556E+05  -0.1261E+05
   0.5438E+01   0.3002E+01   0.5067E+04   0.2731E+05  -0.1695E+05
   0.5144E+01   0.3482E+01   0.9482E+04   0.2326E+05  -0.1925E+05
   0.5943E+01   0.3281E+01   0.6737E+04   0.2351E+05  -0.1372E+05
   0.5622E+01   0.3806E+01   0.9190E+04   0.2081E+05  -0.1480E+05
   0.4901E+01   0.3816E+01   0.1094E+05   0.2199E+05  -0.1978E+05
   0.4536E+01   0.4244E+01   0.1580E+05   0.1727E+05  -0.2058E+05
   0.5357E+01   0.4171E+01   0.1113E+05   0.1867E+05  -0.1536E+05
   0.4957E+01   0.4638E+01   0.1381E+05   0.1591E+05  -0.1572E+05
   0.4244E+01   0.4536E+01   0.1727E+05   0.1580E+05  -0.2058E+05
   0.3816E+01   0.4901E+01   0.2199E+05   0.1094E+05  -0.1978E+05
   0.4638E+01   0.4957E+01   0.1591E+05   0.1381E+05  -0.1572E+05
   0.4171E+01   0.5357E+01   0.1867E+05   0.1113E+05  -0.1536E+05
   0.3482E+01   0.5144E+01   0.2326E+05   0.9482E+04  -0.1925E+05
   0.3002E+01   0.5438E+01   0.2731E+05   0.5067E+04  -0.1695E+05
   0.3806E+01   0.5622E+01   0.2081E+05   0.9190E+04  -0.1480E+05
   0.3281E+01   0.5943E+01   0.2351E+05   0.6737E+04  -0.1372E+05
   0.2634E+01   0.5625E+01   0.2819E+05   0.3805E+04  -0.1598E+05
   0.2115E+01   0.5840E+01   0.3108E+05   0.2685E+03  -0.1250E+05
   0.2879E+01   0.6148E+01   0.2556E+05   0.5089E+04  -0.1261E+05
   0.2311E+01   0.6383E+01   0.2804E+05   0.3055E+04  -0.1081E+05
   0.1722E+01   0.5968E+01   0.3143E+05  -0.6033E+03  -0.1123E+05
   0.1175E+01   0.6099E+01   0.3287E+05  -0.2792E+04  -0.6974E+04
   0.1882E+01   0.6523E+01   0.2985E+05   0.1807E+04  -0.9205E+04
   0.1284E+01   0.6666E+01   0.3189E+05   0.1966E+03  -0.6769E+04
   0.7673E+00   0.6164E+01   0.3263E+05  -0.3291E+04  -0.5607E+04
   0.2063E+00   0.6208E+01   0.3245E+05  -0.5209E+04  -0.1443E+04
   0.8387E+00   0.6737E+01   0.3333E+05  -0.2557E+03  -0.4717E+04
   0.2255E+00   0.6785E+01   0.3476E+05  -0.1234E+04  -0.1428E+04