0.6102E+01   0.2028E+00  -0.6139E+04   0.3191E+05  -0.1317E+04
   0.6059E+01   0.7543E+00  -0.3781E+04   0.3261E+05  -0.5675E+04
   0.6391E+01   0.2124E+00  -0.3931E+04   0.3331E+05  -0.1517E+04
   0.6345E+01   0.7899E+00  -0.2145E+04   0.3282E+05  -0.5337E+04
   0.6602E+01   0.2194E+00  -0.2345E+04   0.3408E+05  -0.1566E+04
   0.6555E+01   0.8160E+00  -0.1287E+04   0.3287E+05  -0.5072E+04
   0.6891E+01   0.2290E+00  -0.5760E+03   0.3511E+05  -0.1348E+04
   0.6842E+01   0.8517E+00   0.2000E+03   0.3360E+05  -0.4555E+04
   0.5995E+01   0.1155E+01  -0.3625E+04   0.3321E+05  -0.6730E+04
   0.5866E+01   0.1693E+01  -0.1111E+04   0.3182E+05  -0.1162E+05
   0.6279E+01   0.1210E+01  -0.1792E+04   0.3231E+05  -0.7260E+04
   0.6144E+01   0.1773E+01   0.2479E+03   0.3083E+05  -0.1054E+05
   0.6486E+01   0.1250E+01  -0.4264E+03   0.3214E+05  -0.7084E+04
   0.6347E+01   0.1831E+01   0.1084E+04   0.3028E+05  -0.9833E+04
   0.6770E+01   0.1304E+01   0.6754E+03   0.3186E+05  -0.6409E+04
   0.6624E+01   0.1911E+01   0.2155E+04   0.2963E+05  -0.8877E+04
   0.5741E+01   0.2079E+01  -0.4912E+03   0.3189E+05  -0.1265E+05
   0.5529E+01   0.2590E+01   0.3531E+04   0.2873E+05  -0.1671E+05
   0.6012E+01   0.2177E+01   0.1449E+04   0.2986E+05  -0.1212E+05
   0.5791E+01   0.2712E+01   0.4242E+04   0.2730E+05  -0.1479E+05
   0.6211E+01   0.2249E+01   0.2384E+04   0.2877E+05  -0.1149E+05
   0.5982E+01   0.2802E+01   0.4715E+04   0.2634E+05  -0.1358E+05
   0.6483E+01   0.2347E+01   0.3313E+04   0.2772E+05  -0.1036E+05
   0.6243E+01   0.2924E+01   0.5302E+04   0.2512E+05  -0.1211E+05
   0.5345E+01   0.2951E+01   0.4501E+04   0.2828E+05  -0.1752E+05
   0.5056E+01   0.3423E+01   0.9576E+04   0.2371E+05  -0.2022E+05
   0.5598E+01   0.3091E+01   0.5858E+04   0.2581E+05  -0.1595E+05
   0.5295E+01   0.3585E+01   0.9334E+04   0.2250E+05  -0.1767E+05
   0.5783E+01   0.3193E+01   0.6449E+04   0.2448E+05  -0.1476E+05
   0.5470E+01   0.3703E+01   0.9244E+04   0.2160E+05  -0.1607E+05
   0.6036E+01   0.3332E+01   0.6800E+04   0.2308E+05  -0.1310E+05
   0.5709E+01   0.3865E+01   0.9190E+04   0.2033E+05  -0.1414E+05
   0.4818E+01   0.3751E+01   0.1071E+05   0.2283E+05  -0.2068E+05
   0.4458E+01   0.4172E+01   0.1630E+05   0.1742E+05  -0.2162E+05
   0.5045E+01   0.3928E+01   0.1122E+05   0.2069E+05  -0.1828E+05
   0.4669E+01   0.4369E+01   0.1501E+05   0.1695E+05  -0.1888E+05
   0.5212E+01   0.4058E+01   0.1125E+05   0.1952E+05  -0.1668E+05
   0.4823E+01   0.4513E+01   0.1431E+05   0.1644E+05  -0.1712E+05
   0.5440E+01   0.4235E+01   0.1097E+05   0.1828E+05  -0.1463E+05
   0.5034E+01   0.4710E+01   0.1359E+05   0.1554E+05  -0.1497E+05
   0.4172E+01   0.4458E+01   0.1742E+05   0.1630E+05  -0.2162E+05
   0.3751E+01   0.4818E+01   0.2283E+05   0.1071E+05  -0.2068E+05
   0.4369E+01   0.4669E+01   0.1695E+05   0.1501E+05  -0.1888E+05
   0.3928E+01   0.5045E+01   0.2069E+05   0.1122E+05  -0.1828E+05
   0.4513E+01   0.4823E+01   0.1644E+05   0.1431E+05  -0.1712E+05
   0.4058E+01   0.5212E+01   0.1952E+05   0.1125E+05  -0.1668E+05
   0.4710E+01   0.5034E+01   0.1554E+05   0.1359E+05  -0.1497E+05
   0.4235E+01   0.5440E+01   0.1828E+05   0.1097E+05  -0.1463E+05
   0.3423E+01   0.5056E+01   0.2371E+05   0.9576E+04  -0.2022E+05
   0.2951E+01   0.5345E+01   0.2828E+05   0.4501E+04  -0.1752E+05
   0.3585E+01   0.5295E+01   0.2250E+05   0.9334E+04  -0.1767E+05
   0.3091E+01   0.5598E+01   0.2581E+05   0.5858E+04  -0.1595E+05
   0.3703E+01   0.5470E+01   0.2160E+05   0.9244E+04  -0.1607E+05
   0.3193E+01   0.5783E+01   0.2448E+05   0.6449E+04  -0.1476E+05
   0.3865E+01   0.5709E+01   0.2033E+05   0.9190E+04  -0.1414E+05
   0.3332E+01   0.6036E+01   0.2308E+05   0.6800E+04  -0.1310E+05
   0.2590E+01   0.5529E+01   0.2873E+05   0.3531E+04  -0.1671E+05
   0.2079E+01   0.5741E+01   0.3189E+05  -0.4912E+03  -0.1265E+05
   0.2712E+01   0.5791E+01   0.2730E+05   0.4242E+04  -0.1479E+05
   0.2177E+01   0.6012E+01   0.2986E+05   0.1449E+04  -0.1212E+05
   0.2802E+01   0.5982E+01   0.2634E+05   0.4715E+04  -0.1358E+05
   0.2249E+01   0.6211E+01   0.2877E+05   0.2384E+04  -0.1149E+05
   0.2924E+01   0.6243E+01   0.2512E+05   0.5302E+04  -0.1211E+05
   0.2347E+01   0.6483E+01   0.2772E+05   0.3313E+04  -0.1036E+05
   0.1693E+01   0.5866E+01   0.3182E+05  -0.1111E+04  -0.1162E+05
   0.1155E+01   0.5995E+01   0.3321E+05  -0.3625E+04  -0.6730E+04
   0.1773E+01   0.6144E+01   0.3083E+05   0.2479E+03  -0.1054E+05
   0.1210E+01   0.6279E+01   0.3231E+05  -0.1792E+04  -0.7260E+04
   0.1831E+01   0.6347E+01   0.3028E+05   0.1084E+04  -0.9833E+04
   0.1250E+01   0.6486E+01   0.3214E+05  -0.4264E+03  -0.7084E+04
   0.1911E+01   0.6624E+01   0.2963E+05   0.2155E+04  -0.8877E+04
   0.1304E+01   0.6770E+01   0.3186E+05   0.6754E+03  -0.6409E+04
   0.7543E+00   0.6059E+01   0.3261E+05  -0.3781E+04  -0.5675E+04
   0.2028E+00   0.6102E+01   0.3191E+05  -0.6139E+04  -0.1317E+04
   0.7899E+00   0.6345E+01   0.3282E+05  -0.2145E+04  -0.5337E+04
   0.2124E+00   0.6391E+01   0.3331E+05  -0.3931E+04  -0.1517E+04
   0.8160E+00   0.6555E+01   0.3287E+05  -0.1287E+04  -0.5072E+04
   0.2194E+00   0.6602E+01   0.3408E+05  -0.2345E+04  -0.1566E+04
   0.8517E+00   0.6842E+01   0.3360E+05   0.2000E+03  -0.4555E+04
   0.2290E+00   0.6891E+01   0.3511E+05  -0.5760E+03  -0.1348E+04