0.6067E+01   0.2017E+00  -0.6468E+04   0.3166E+05  -0.1218E+04
   0.6024E+01   0.7499E+00  -0.3874E+04   0.3268E+05  -0.5670E+04
   0.6259E+01   0.2081E+00  -0.4968E+04   0.3279E+05  -0.1452E+04
   0.6215E+01   0.7737E+00  -0.2800E+04   0.3269E+05  -0.5426E+04
   0.6400E+01   0.2127E+00  -0.3809E+04   0.3340E+05  -0.1652E+04
   0.6355E+01   0.7911E+00  -0.2298E+04   0.3261E+05  -0.5365E+04
   0.6593E+01   0.2191E+00  -0.2442E+04   0.3400E+05  -0.1570E+04
   0.6546E+01   0.8149E+00  -0.1212E+04   0.3299E+05  -0.5135E+04
   0.6733E+01   0.2238E+00  -0.1488E+04   0.3449E+05  -0.1438E+04
   0.6685E+01   0.8323E+00  -0.6021E+03   0.3321E+05  -0.4882E+04
   0.6926E+01   0.2302E+00  -0.3666E+03   0.3527E+05  -0.1295E+04
   0.6876E+01   0.8561E+00   0.3293E+03   0.3368E+05  -0.4470E+04
   0.5961E+01   0.1148E+01  -0.3973E+04   0.3334E+05  -0.6628E+04
   0.5832E+01   0.1683E+01  -0.1281E+04   0.3194E+05  -0.1177E+05
   0.6150E+01   0.1185E+01  -0.2606E+04   0.3259E+05  -0.7212E+04
   0.6017E+01   0.1736E+01  -0.3593E+03   0.3130E+05  -0.1097E+05
   0.6288E+01   0.1211E+01  -0.1505E+04   0.3243E+05  -0.7205E+04
   0.6153E+01   0.1775E+01   0.2360E+03   0.3084E+05  -0.1049E+05
   0.6477E+01   0.1248E+01  -0.6056E+03   0.3209E+05  -0.7062E+04
   0.6338E+01   0.1829E+01   0.1062E+04   0.3026E+05  -0.9883E+04
   0.6615E+01   0.1274E+01   0.1109E+03   0.3198E+05  -0.6832E+04
   0.6473E+01   0.1868E+01   0.1619E+04   0.2994E+05  -0.9423E+04
   0.6804E+01   0.1311E+01   0.8176E+03   0.3185E+05  -0.6294E+04
   0.6658E+01   0.1921E+01   0.2293E+04   0.2956E+05  -0.8764E+04
   0.5708E+01   0.2067E+01  -0.7685E+03   0.3220E+05  -0.1268E+05
   0.5497E+01   0.2575E+01   0.3442E+04   0.2891E+05  -0.1697E+05
   0.5889E+01   0.2132E+01   0.6909E+03   0.3064E+05  -0.1245E+05
   0.5672E+01   0.2656E+01   0.3889E+04   0.2799E+05  -0.1558E+05
   0.6021E+01   0.2180E+01   0.1486E+04   0.2976E+05  -0.1213E+05
   0.5799E+01   0.2716E+01   0.4238E+04   0.2729E+05  -0.1471E+05
   0.6202E+01   0.2246E+01   0.2369E+04   0.2886E+05  -0.1149E+05
   0.5974E+01   0.2798E+01   0.4716E+04   0.2634E+05  -0.1365E+05
   0.6335E+01   0.2294E+01   0.2826E+04   0.2828E+05  -0.1097E+05
   0.6101E+01   0.2857E+01   0.5023E+04   0.2573E+05  -0.1292E+05
   0.6516E+01   0.2359E+01   0.3374E+04   0.2760E+05  -0.1021E+05
   0.6275E+01   0.2939E+01   0.5374E+04   0.2498E+05  -0.1194E+05
   0.5314E+01   0.2934E+01   0.4274E+04   0.2865E+05  -0.1771E+05
   0.5027E+01   0.3403E+01   0.9622E+04   0.2384E+05  -0.2057E+05
   0.5483E+01   0.3027E+01   0.5376E+04   0.2677E+05  -0.1671E+05
   0.5186E+01   0.3511E+01   0.9371E+04   0.2312E+05  -0.1875E+05
   0.5606E+01   0.3095E+01   0.5930E+04   0.2571E+05  -0.1592E+05
   0.5303E+01   0.3590E+01   0.9297E+04   0.2250E+05  -0.1758E+05
   0.5775E+01   0.3188E+01   0.6395E+04   0.2456E+05  -0.1480E+05
   0.5462E+01   0.3698E+01   0.9277E+04   0.2160E+05  -0.1615E+05
   0.5898E+01   0.3256E+01   0.6629E+04   0.2383E+05  -0.1399E+05
   0.5579E+01   0.3777E+01   0.9253E+04   0.2097E+05  -0.1517E+05
   0.6066E+01   0.3349E+01   0.6811E+04   0.2293E+05  -0.1289E+05
   0.5738E+01   0.3885E+01   0.9191E+04   0.2018E+05  -0.1392E+05
   0.4790E+01   0.3729E+01   0.1060E+05   0.2315E+05  -0.2099E+05
   0.4433E+01   0.4147E+01   0.1650E+05   0.1744E+05  -0.2199E+05
   0.4942E+01   0.3848E+01   0.1112E+05   0.2152E+05  -0.1935E+05
   0.4573E+01   0.4279E+01   0.1548E+05   0.1727E+05  -0.2007E+05
   0.5053E+01   0.3934E+01   0.1126E+05   0.2060E+05  -0.1822E+05
   0.4676E+01   0.4375E+01   0.1494E+05   0.1697E+05  -0.1879E+05
   0.5205E+01   0.4052E+01   0.1122E+05   0.1960E+05  -0.1674E+05
   0.4817E+01   0.4507E+01   0.1437E+05   0.1642E+05  -0.1720E+05
   0.5316E+01   0.4139E+01   0.1112E+05   0.1896E+05  -0.1572E+05
   0.4919E+01   0.4603E+01   0.1400E+05   0.1600E+05  -0.1612E+05
   0.5468E+01   0.4257E+01   0.1091E+05   0.1816E+05  -0.1439E+05
   0.5060E+01   0.4734E+01   0.1352E+05   0.1542E+05  -0.1473E+05
   0.4147E+01   0.4433E+01   0.1744E+05   0.1650E+05  -0.2199E+05
   0.3729E+01   0.4790E+01   0.2315E+05   0.1060E+05  -0.2099E+05
   0.4279E+01   0.4573E+01   0.1727E+05   0.1548E+05  -0.2007E+05
   0.3848E+01   0.4942E+01   0.2152E+05   0.1112E+05  -0.1935E+05
   0.4375E+01   0.4676E+01   0.1697E+05   0.1494E+05  -0.1879E+05
   0.3934E+01   0.5053E+01   0.2060E+05   0.1126E+05  -0.1822E+05
   0.4507E+01   0.4817E+01   0.1642E+05   0.1437E+05  -0.1720E+05
   0.4052E+01   0.5205E+01   0.1960E+05   0.1122E+05  -0.1674E+05
   0.4603E+01   0.4919E+01   0.1600E+05   0.1400E+05  -0.1612E+05
   0.4139E+01   0.5316E+01   0.1896E+05   0.1112E+05  -0.1572E+05
   0.4734E+01   0.5060E+01   0.1542E+05   0.1352E+05  -0.1473E+05
   0.4257E+01   0.5468E+01   0.1816E+05   0.1091E+05  -0.1439E+05
   0.3403E+01   0.5027E+01   0.2384E+05   0.9622E+04  -0.2057E+05
   0.2934E+01   0.5314E+01   0.2865E+05   0.4274E+04  -0.1771E+05
   0.3511E+01   0.5186E+01   0.2312E+05   0.9371E+04  -0.1875E+05
   0.3027E+01   0.5483E+01   0.2677E+05   0.5376E+04  -0.1671E+05
   0.3590E+01   0.5303E+01   0.2250E+05   0.9297E+04  -0.1758E+05
   0.3095E+01   0.5606E+01   0.2571E+05   0.5930E+04  -0.1592E+05
   0.3698E+01   0.5462E+01   0.2160E+05   0.9277E+04  -0.1615E+05
   0.3188E+01   0.5775E+01   0.2456E+05   0.6395E+04  -0.1480E+05
   0.3777E+01   0.5579E+01   0.2097E+05   0.9253E+04  -0.1517E+05
   0.3256E+01   0.5898E+01   0.2383E+05   0.6629E+04  -0.1399E+05
   0.3885E+01   0.5738E+01   0.2018E+05   0.9191E+04  -0.1392E+05
   0.3349E+01   0.6066E+01   0.2293E+05   0.6811E+04  -0.1289E+05
   0.2575E+01   0.5497E+01   0.2891E+05   0.3442E+04  -0.1697E+05
   0.2067E+01   0.5708E+01   0.3220E+05  -0.7685E+03  -0.1268E+05
   0.2656E+01   0.5672E+01   0.2799E+05   0.3889E+04  -0.1558E+05
   0.2132E+01   0.5889E+01   0.3064E+05   0.6909E+03  -0.1245E+05
   0.2716E+01   0.5799E+01   0.2729E+05   0.4238E+04  -0.1471E+05
   0.2180E+01   0.6021E+01   0.2976E+05   0.1486E+04  -0.1213E+05
   0.2798E+01   0.5974E+01   0.2634E+05   0.4716E+04  -0.1365E+05
   0.2246E+01   0.6202E+01   0.2886E+05   0.2369E+04  -0.1149E+05
   0.2857E+01   0.6101E+01   0.2573E+05   0.5023E+04  -0.1292E+05
   0.2294E+01   0.6335E+01   0.2828E+05   0.2826E+04  -0.1097E+05
   0.2939E+01   0.6275E+01   0.2498E+05   0.5374E+04  -0.1194E+05
   0.2359E+01   0.6516E+01   0.2760E+05   0.3374E+04  -0.1021E+05
   0.1683E+01   0.5832E+01   0.3194E+05  -0.1281E+04  -0.1177E+05
   0.1148E+01   0.5961E+01   0.3334E+05  -0.3973E+04  -0.6628E+04
   0.1736E+01   0.6017E+01   0.3130E+05  -0.3593E+03  -0.1097E+05
   0.1185E+01   0.6150E+01   0.3259E+05  -0.2606E+04  -0.7212E+04
   0.1775E+01   0.6153E+01   0.3084E+05   0.2360E+03  -0.1049E+05
   0.1211E+01   0.6288E+01   0.3243E+05  -0.1505E+04  -0.7205E+04
   0.1829E+01   0.6338E+01   0.3026E+05   0.1062E+04  -0.9883E+04
   0.1248E+01   0.6477E+01   0.3209E+05  -0.6056E+03  -0.7062E+04
   0.1868E+01   0.6473E+01   0.2994E+05   0.1619E+04  -0.9423E+04
   0.1274E+01   0.6615E+01   0.3198E+05   0.1109E+03  -0.6832E+04
   0.1921E+01   0.6658E+01   0.2956E+05   0.2293E+04  -0.8764E+04
   0.1311E+01   0.6804E+01   0.3185E+05   0.8176E+03  -0.6294E+04
   0.7499E+00   0.6024E+01   0.3268E+05  -0.3874E+04  -0.5670E+04
   0.2017E+00   0.6067E+01   0.3166E+05  -0.6468E+04  -0.1218E+04
   0.7737E+00   0.6215E+01   0.3269E+05  -0.2800E+04  -0.5426E+04
   0.2081E+00   0.6259E+01   0.3279E+05  -0.4968E+04  -0.1452E+04
   0.7911E+00   0.6355E+01   0.3261E+05  -0.2298E+04  -0.5365E+04
   0.2127E+00   0.6400E+01   0.3340E+05  -0.3809E+04  -0.1652E+04
   0.8149E+00   0.6546E+01   0.3299E+05  -0.1212E+04  -0.5135E+04
   0.2191E+00   0.6593E+01   0.3400E+05  -0.2442E+04  -0.1570E+04
   0.8323E+00   0.6685E+01   0.3321E+05  -0.6021E+03  -0.4882E+04
   0.2238E+00   0.6733E+01   0.3449E+05  -0.1488E+04  -0.1438E+04
   0.8561E+00   0.6876E+01   0.3368E+05   0.3293E+03  -0.4470E+04
   0.2302E+00   0.6926E+01   0.3527E+05  -0.3666E+03  -0.1295E+04