0.6051E+01   0.1675E+00  -0.6614E+04   0.3204E+05  -0.9554E+03
   0.6021E+01   0.6237E+00  -0.4170E+04   0.3309E+05  -0.4882E+04
   0.6195E+01   0.1715E+00  -0.5454E+04   0.3283E+05  -0.1167E+04
   0.6164E+01   0.6385E+00  -0.3416E+04   0.3291E+05  -0.4610E+04
   0.6300E+01   0.1744E+00  -0.4541E+04   0.3322E+05  -0.1400E+04
   0.6269E+01   0.6494E+00  -0.3098E+04   0.3274E+05  -0.4576E+04
   0.6445E+01   0.1784E+00  -0.3464E+04   0.3350E+05  -0.1356E+04
   0.6413E+01   0.6643E+00  -0.2239E+04   0.3294E+05  -0.4438E+04
   0.6550E+01   0.1814E+00  -0.2679E+04   0.3371E+05  -0.1299E+04
   0.6518E+01   0.6752E+00  -0.1778E+04   0.3300E+05  -0.4330E+04
   0.6695E+01   0.1854E+00  -0.1721E+04   0.3400E+05  -0.1225E+04
   0.6662E+01   0.6901E+00  -0.1010E+04   0.3317E+05  -0.4133E+04
   0.6800E+01   0.1883E+00  -0.1064E+04   0.3425E+05  -0.1129E+04
   0.6767E+01   0.7009E+00  -0.5117E+03   0.3330E+05  -0.3937E+04
   0.6945E+01   0.1923E+00  -0.2628E+03   0.3468E+05  -0.1031E+04
   0.6910E+01   0.7158E+00   0.1874E+03   0.3357E+05  -0.3653E+04
   0.5977E+01   0.9558E+00  -0.4529E+04   0.3357E+05  -0.5340E+04
   0.5888E+01   0.1404E+01  -0.2459E+04   0.3255E+05  -0.1008E+05
   0.6119E+01   0.9786E+00  -0.3458E+04   0.3304E+05  -0.5942E+04
   0.6028E+01   0.1438E+01  -0.1747E+04   0.3219E+05  -0.9468E+04
   0.6224E+01   0.9953E+00  -0.2540E+04   0.3291E+05  -0.6021E+04
   0.6131E+01   0.1462E+01  -0.1268E+04   0.3189E+05  -0.9143E+04
   0.6366E+01   0.1018E+01  -0.1808E+04   0.3256E+05  -0.6081E+04
   0.6271E+01   0.1496E+01  -0.5413E+03   0.3151E+05  -0.8777E+04
   0.6471E+01   0.1035E+01  -0.1168E+04   0.3246E+05  -0.6012E+04
   0.6374E+01   0.1520E+01  -0.3787E+02   0.3126E+05  -0.8503E+04
   0.6613E+01   0.1058E+01  -0.5019E+03   0.3235E+05  -0.5818E+04
   0.6514E+01   0.1554E+01   0.5868E+03   0.3093E+05  -0.8133E+04
   0.6717E+01   0.1074E+01  -0.8743E+01   0.3230E+05  -0.5638E+04
   0.6617E+01   0.1578E+01   0.1024E+04   0.3074E+05  -0.7848E+04
   0.6860E+01   0.1097E+01   0.5557E+03   0.3223E+05  -0.5265E+04
   0.6758E+01   0.1612E+01   0.1580E+04   0.3053E+05  -0.7431E+04
   0.5801E+01   0.1728E+01  -0.2318E+04   0.3302E+05  -0.1049E+05
   0.5654E+01   0.2161E+01   0.8953E+03   0.3057E+05  -0.1473E+05
   0.5939E+01   0.1769E+01  -0.1118E+04   0.3194E+05  -0.1062E+05
   0.5789E+01   0.2212E+01   0.1352E+04   0.3002E+05  -0.1379E+05
   0.6041E+01   0.1799E+01  -0.4118E+03   0.3131E+05  -0.1055E+05
   0.5888E+01   0.2250E+01   0.1728E+04   0.2956E+05  -0.1323E+05
   0.6179E+01   0.1840E+01   0.4150E+03   0.3066E+05  -0.1027E+05
   0.6022E+01   0.2301E+01   0.2277E+04   0.2891E+05  -0.1257E+05
   0.6280E+01   0.1871E+01   0.8938E+03   0.3023E+05  -0.1002E+05
   0.6121E+01   0.2339E+01   0.2654E+04   0.2846E+05  -0.1212E+05
   0.6419E+01   0.1912E+01   0.1521E+04   0.2977E+05  -0.9613E+04
   0.6256E+01   0.2391E+01   0.3124E+04   0.2788E+05  -0.1152E+05
   0.6520E+01   0.1942E+01   0.1898E+04   0.2946E+05  -0.9277E+04
   0.6355E+01   0.2428E+01   0.3439E+04   0.2751E+05  -0.1109E+05
   0.6658E+01   0.1983E+01   0.2376E+04   0.2905E+05  -0.8799E+04
   0.6489E+01   0.2480E+01   0.3831E+04   0.2706E+05  -0.1050E+05
   0.5526E+01   0.2470E+01   0.1206E+04   0.3078E+05  -0.1513E+05
   0.5324E+01   0.2880E+01   0.5438E+04   0.2708E+05  -0.1849E+05
   0.5658E+01   0.2529E+01   0.2307E+04   0.2937E+05  -0.1478E+05
   0.5451E+01   0.2949E+01   0.5519E+04   0.2656E+05  -0.1726E+05
   0.5754E+01   0.2572E+01   0.2928E+04   0.2857E+05  -0.1441E+05
   0.5544E+01   0.2999E+01   0.5670E+04   0.2609E+05  -0.1649E+05
   0.5886E+01   0.2631E+01   0.3553E+04   0.2768E+05  -0.1380E+05
   0.5670E+01   0.3068E+01   0.5948E+04   0.2539E+05  -0.1556E+05
   0.5982E+01   0.2674E+01   0.3941E+04   0.2713E+05  -0.1334E+05
   0.5763E+01   0.3118E+01   0.6141E+04   0.2489E+05  -0.1492E+05
   0.6114E+01   0.2733E+01   0.4368E+04   0.2646E+05  -0.1268E+05
   0.5890E+01   0.3187E+01   0.6382E+04   0.2424E+05  -0.1410E+05
   0.6211E+01   0.2776E+01   0.4632E+04   0.2601E+05  -0.1220E+05
   0.5983E+01   0.3237E+01   0.6536E+04   0.2380E+05  -0.1352E+05
   0.6342E+01   0.2835E+01   0.4923E+04   0.2544E+05  -0.1153E+05
   0.6110E+01   0.3306E+01   0.6716E+04   0.2325E+05  -0.1275E+05
   0.5156E+01   0.3170E+01   0.5846E+04   0.2702E+05  -0.1882E+05
   0.4902E+01   0.3550E+01   0.1080E+05   0.2239E+05  -0.2097E+05
   0.5279E+01   0.3246E+01   0.6703E+04   0.2559E+05  -0.1799E+05
   0.5019E+01   0.3635E+01   0.1043E+05   0.2210E+05  -0.1957E+05
   0.5369E+01   0.3301E+01   0.7123E+04   0.2477E+05  -0.1734E+05
   0.5105E+01   0.3697E+01   0.1030E+05   0.2177E+05  -0.1866E+05
   0.5492E+01   0.3377E+01   0.7492E+04   0.2389E+05  -0.1643E+05
   0.5222E+01   0.3782E+01   0.1024E+05   0.2120E+05  -0.1753E+05
   0.5582E+01   0.3432E+01   0.7686E+04   0.2332E+05  -0.1577E+05
   0.5307E+01   0.3844E+01   0.1021E+05   0.2078E+05  -0.1676E+05
   0.5705E+01   0.3508E+01   0.7874E+04   0.2263E+05  -0.1490E+05
   0.5424E+01   0.3928E+01   0.1017E+05   0.2021E+05  -0.1577E+05
   0.5795E+01   0.3563E+01   0.7966E+04   0.2217E+05  -0.1427E+05
   0.5510E+01   0.3990E+01   0.1013E+05   0.1982E+05  -0.1507E+05
   0.5918E+01   0.3639E+01   0.8045E+04   0.2157E+05  -0.1344E+05
   0.5626E+01   0.4075E+01   0.1007E+05   0.1931E+05  -0.1417E+05
   0.4698E+01   0.3816E+01   0.1125E+05   0.2212E+05  -0.2115E+05
   0.4397E+01   0.4160E+01   0.1654E+05   0.1694E+05  -0.2189E+05
   0.4810E+01   0.3907E+01   0.1174E+05   0.2090E+05  -0.1996E+05
   0.4502E+01   0.4259E+01   0.1570E+05   0.1702E+05  -0.2050E+05
   0.4892E+01   0.3974E+01   0.1191E+05   0.2023E+05  -0.1911E+05
   0.4578E+01   0.4332E+01   0.1527E+05   0.1691E+05  -0.1956E+05
   0.5004E+01   0.4065E+01   0.1194E+05   0.1951E+05  -0.1798E+05
   0.4683E+01   0.4431E+01   0.1486E+05   0.1662E+05  -0.1836E+05
   0.5086E+01   0.4131E+01   0.1191E+05   0.1906E+05  -0.1720E+05
   0.4760E+01   0.4504E+01   0.1460E+05   0.1637E+05  -0.1753E+05
   0.5198E+01   0.4222E+01   0.1182E+05   0.1850E+05  -0.1617E+05
   0.4865E+01   0.4603E+01   0.1428E+05   0.1600E+05  -0.1647E+05
   0.5280E+01   0.4289E+01   0.1173E+05   0.1812E+05  -0.1546E+05
   0.4942E+01   0.4675E+01   0.1405E+05   0.1573E+05  -0.1572E+05
   0.5392E+01   0.4380E+01   0.1157E+05   0.1763E+05  -0.1451E+05
   0.5046E+01   0.4775E+01   0.1375E+05   0.1537E+05  -0.1476E+05
   0.4160E+01   0.4397E+01   0.1694E+05   0.1654E+05  -0.2189E+05
   0.3816E+01   0.4698E+01   0.2212E+05   0.1125E+05  -0.2115E+05
   0.4259E+01   0.4502E+01   0.1702E+05   0.1570E+05  -0.2050E+05
   0.3907E+01   0.4810E+01   0.2090E+05   0.1174E+05  -0.1996E+05
   0.4332E+01   0.4578E+01   0.1691E+05   0.1527E+05  -0.1956E+05
   0.3974E+01   0.4892E+01   0.2023E+05   0.1191E+05  -0.1911E+05
   0.4431E+01   0.4683E+01   0.1662E+05   0.1486E+05  -0.1836E+05
   0.4065E+01   0.5004E+01   0.1951E+05   0.1194E+05  -0.1798E+05
   0.4504E+01   0.4760E+01   0.1637E+05   0.1460E+05  -0.1753E+05
   0.4131E+01   0.5086E+01   0.1906E+05   0.1191E+05  -0.1720E+05
   0.4603E+01   0.4865E+01   0.1600E+05   0.1428E+05  -0.1647E+05
   0.4222E+01   0.5198E+01   0.1850E+05   0.1182E+05  -0.1617E+05
   0.4675E+01   0.4942E+01   0.1573E+05   0.1405E+05  -0.1572E+05
   0.4289E+01   0.5280E+01   0.1812E+05   0.1173E+05  -0.1546E+05
   0.4775E+01   0.5046E+01   0.1537E+05   0.1375E+05  -0.1476E+05
   0.4380E+01   0.5392E+01   0.1763E+05   0.1157E+05  -0.1451E+05
   0.3550E+01   0.4902E+01   0.2239E+05   0.1080E+05  -0.2097E+05
   0.3170E+01   0.5156E+01   0.2702E+05   0.5846E+04  -0.1882E+05
   0.3635E+01   0.5019E+01   0.2210E+05   0.1043E+05  -0.1957E+05
   0.3246E+01   0.5279E+01   0.2559E+05   0.6703E+04  -0.1799E+05
   0.3697E+01   0.5105E+01   0.2177E+05   0.1030E+05  -0.1866E+05
   0.3301E+01   0.5369E+01   0.2477E+05   0.7123E+04  -0.1734E+05
   0.3782E+01   0.5222E+01   0.2120E+05   0.1024E+05  -0.1753E+05
   0.3377E+01   0.5492E+01   0.2389E+05   0.7492E+04  -0.1643E+05
   0.3844E+01   0.5307E+01   0.2078E+05   0.1021E+05  -0.1676E+05
   0.3432E+01   0.5582E+01   0.2332E+05   0.7686E+04  -0.1577E+05
   0.3928E+01   0.5424E+01   0.2021E+05   0.1017E+05  -0.1577E+05
   0.3508E+01   0.5705E+01   0.2263E+05   0.7874E+04  -0.1490E+05
   0.3990E+01   0.5510E+01   0.1982E+05   0.1013E+05  -0.1507E+05
   0.3563E+01   0.5795E+01   0.2217E+05   0.7966E+04  -0.1427E+05
   0.4075E+01   0.5626E+01   0.1931E+05   0.1007E+05  -0.1417E+05
   0.3639E+01   0.5918E+01   0.2157E+05   0.8045E+04  -0.1344E+05
   0.2880E+01   0.5324E+01   0.2708E+05   0.5438E+04  -0.1849E+05
   0.2470E+01   0.5526E+01   0.3078E+05   0.1206E+04  -0.1513E+05
   0.2949E+01   0.5451E+01   0.2656E+05   0.5519E+04  -0.1726E+05
   0.2529E+01   0.5658E+01   0.2937E+05   0.2307E+04  -0.1478E+05
   0.2999E+01   0.5544E+01   0.2609E+05   0.5670E+04  -0.1649E+05
   0.2572E+01   0.5754E+01   0.2857E+05   0.2928E+04  -0.1441E+05
   0.3068E+01   0.5670E+01   0.2539E+05   0.5948E+04  -0.1556E+05
   0.2631E+01   0.5886E+01   0.2768E+05   0.3553E+04  -0.1380E+05
   0.3118E+01   0.5763E+01   0.2489E+05   0.6141E+04  -0.1492E+05
   0.2674E+01   0.5982E+01   0.2713E+05   0.3941E+04  -0.1334E+05
   0.3187E+01   0.5890E+01   0.2424E+05   0.6382E+04  -0.1410E+05
   0.2733E+01   0.6114E+01   0.2646E+05   0.4368E+04  -0.1268E+05
   0.3237E+01   0.5983E+01   0.2380E+05   0.6536E+04  -0.1352E+05
   0.2776E+01   0.6211E+01   0.2601E+05   0.4632E+04  -0.1220E+05
   0.3306E+01   0.6110E+01   0.2325E+05   0.6716E+04  -0.1275E+05
   0.2835E+01   0.6342E+01   0.2544E+05   0.4923E+04  -0.1153E+05
   0.2161E+01   0.5654E+01   0.3057E+05   0.8953E+03  -0.1473E+05
   0.1728E+01   0.5801E+01   0.3302E+05  -0.2318E+04  -0.1049E+05
   0.2212E+01   0.5789E+01   0.3002E+05   0.1352E+04  -0.1379E+05
   0.1769E+01   0.5939E+01   0.3194E+05  -0.1118E+04  -0.1062E+05
   0.2250E+01   0.5888E+01   0.2956E+05   0.1728E+04  -0.1323E+05
   0.1799E+01   0.6041E+01   0.3131E+05  -0.4118E+03  -0.1055E+05
   0.2301E+01   0.6022E+01   0.2891E+05   0.2277E+04  -0.1257E+05
   0.1840E+01   0.6179E+01   0.3066E+05   0.4150E+03  -0.1027E+05
   0.2339E+01   0.6121E+01   0.2846E+05   0.2654E+04  -0.1212E+05
   0.1871E+01   0.6280E+01   0.3023E+05   0.8938E+03  -0.1002E+05
   0.2391E+01   0.6256E+01   0.2788E+05   0.3124E+04  -0.1152E+05
   0.1912E+01   0.6419E+01   0.2977E+05   0.1521E+04  -0.9613E+04
   0.2428E+01   0.6355E+01   0.2751E+05   0.3439E+04  -0.1109E+05
   0.1942E+01   0.6520E+01   0.2946E+05   0.1898E+04  -0.9277E+04
   0.2480E+01   0.6489E+01   0.2706E+05   0.3831E+04  -0.1050E+05
   0.1983E+01   0.6658E+01   0.2905E+05   0.2376E+04  -0.8799E+04
   0.1404E+01   0.5888E+01   0.3255E+05  -0.2459E+04  -0.1008E+05
   0.9558E+00   0.5977E+01   0.3357E+05  -0.4529E+04  -0.5340E+04
   0.1438E+01   0.6028E+01   0.3219E+05  -0.1747E+04  -0.9468E+04
   0.9786E+00   0.6119E+01   0.3304E+05  -0.3458E+04  -0.5942E+04
   0.1462E+01   0.6131E+01   0.3189E+05  -0.1268E+04  -0.9143E+04
   0.9953E+00   0.6224E+01   0.3291E+05  -0.2540E+04  -0.6021E+04
   0.1496E+01   0.6271E+01   0.3151E+05  -0.5413E+03  -0.8777E+04
   0.1018E+01   0.6366E+01   0.3256E+05  -0.1808E+04  -0.6081E+04
   0.1520E+01   0.6374E+01   0.3126E+05  -0.3787E+02  -0.8503E+04
   0.1035E+01   0.6471E+01   0.3246E+05  -0.1168E+04  -0.6012E+04
   0.1554E+01   0.6514E+01   0.3093E+05   0.5868E+03  -0.8133E+04
   0.1058E+01   0.6613E+01   0.3235E+05  -0.5019E+03  -0.5818E+04
   0.1578E+01   0.6617E+01   0.3074E+05   0.1024E+04  -0.7848E+04
   0.1074E+01   0.6717E+01   0.3230E+05  -0.8743E+01  -0.5638E+04
   0.1612E+01   0.6758E+01   0.3053E+05   0.1580E+04  -0.7431E+04
   0.1097E+01   0.6860E+01   0.3223E+05   0.5557E+03  -0.5265E+04
   0.6237E+00   0.6021E+01   0.3309E+05  -0.4170E+04  -0.4882E+04
   0.1675E+00   0.6051E+01   0.3204E+05  -0.6614E+04  -0.9554E+03
   0.6385E+00   0.6164E+01   0.3291E+05  -0.3416E+04  -0.4610E+04
   0.1715E+00   0.6195E+01   0.3283E+05  -0.5454E+04  -0.1167E+04
   0.6494E+00   0.6269E+01   0.3274E+05  -0.3098E+04  -0.4576E+04
   0.1744E+00   0.6300E+01   0.3322E+05  -0.4541E+04  -0.1400E+04
   0.6643E+00   0.6413E+01   0.3294E+05  -0.2239E+04  -0.4438E+04
   0.1784E+00   0.6445E+01   0.3350E+05  -0.3464E+04  -0.1356E+04
   0.6752E+00   0.6518E+01   0.3300E+05  -0.1778E+04  -0.4330E+04
   0.1814E+00   0.6550E+01   0.3371E+05  -0.2679E+04  -0.1299E+04
   0.6901E+00   0.6662E+01   0.3317E+05  -0.1010E+04  -0.4133E+04
   0.1854E+00   0.6695E+01   0.3400E+05  -0.1721E+04  -0.1225E+04
   0.7009E+00   0.6767E+01   0.3330E+05  -0.5117E+03  -0.3937E+04
   0.1883E+00   0.6800E+01   0.3425E+05  -0.1064E+04  -0.1129E+04
   0.7158E+00   0.6910E+01   0.3357E+05   0.1874E+03  -0.3653E+04
   0.1923E+00   0.6945E+01   0.3468E+05  -0.2628E+03  -0.1031E+04